28518
16177
12034
15829
61299
49469
29947
31991
54050
43297
27300
45074
15634
20022
61580
55379
25135
13845
43880
8934
25651
7335
439
51135
42902
65168
48924
42552
25373
49736
34672
53891
377
46706
4184
61676
30639
34131
28131
19154
11892
55431
64228
27526
9917
60273
17370
35053
8582
61250
43987
34233
3049
44426
19832
45951
44059
3221
22967
3896
52957
57639
57787
53334
38809
61971
49474
3913
30566
12069
23067
42458
1964
21759
4449
11882
16496
21819
46935
25078
17533
25386
59311
20582
4276
13608
997
48335
16829
23964
52231
4250
16068
44482
57584
54877
40917
41522
58790
5947
53591
16321
48406
55555
38081
52855
1901
54577
9138
48836
14120
26671
8686
7895
47253
12963
21503
48250
61298
38332
6678
47994
42582
22746
26940
34630
12088
2322
10616
5342
8269
64207
21664
56675
54227
59745
43994
56128
48786
53132
39429
62906
14267
48115
5266
61520
61078
26769
44234
56841
65102
50913
39299
42148
8123
703
11243
20211
3025
21859
25554
11295
20531
47218
2434
9222
41427
46429
65350
24677
34025
39243
22048
48293
21823
27314
44277
17365
54083
22976
8670
53649
8353
47969
30262
16476
48673
41505
36688
51698
63364
62242
62993
18359
43924
65428
27581
19815
46321
27396
44492
14810
1103
1004
63103
22926
28318
41845
40292
16866
64821
48962
4979
7638
31396
35241
24114
14533
11210
60802
695
9039
57508
63689
27398
35896
63581
54980
55711
44366
16840
34668
59176
17943
35672
56744
40870
63991
33053
15626
15321
32338
64588
20300
39976
30448
55542
64090
44981
1216
59357
45677
10255
51329
43830
37654
21690
41875
27098
11865
20705
43938
46533
14345
61881
16670
5553
37215
15125
38606
52841
30446
5408
51894
50746
45384
16806
40752
43939
61788
41969
37760
41929
52224
23553
20223
24342
45243
62098
51440
57109
17267
29842
38106
31612
26188
54776
37166
63403
4365
10236
50709
34811
15645
37067
20022
61029
53873
60774
39432
50125
37207
11656
26518
23896
35210
46741
48238
14917
43303
34143
6490
60570
63985
44597
26647
24637
33837
63813
22505
38203
8513
7678
7478
24158
44745
27500
19652
33082
22739
59084
17672
59946
5205
44190
18306
40415
25396
1009
55332
3163
35152
61823
63734
33601
40884
24845
58239
9185
23122
15208
47388
31635
22886
54867
55794
2095
16831
9910
35177
39570
3458
52849
33981
8663
31504
52287
49078
56900
53296
38875
60063
22912
35162
58261
56514
10510
17570
49217
19695
40692
64425
1548
6792
21775
56415
62586
23870
7710
6960
59047
47281
10418
46361
15726
19082
12329
2477
2624
3693
55774
41499
63756
13150
11125
56482
4128
21635
8516
53345
41331
49209
52234
42879
56001
8473
33758
53051
32343
41468
60011
25855
23213
4893
6680
38939
23975
19009
41417
26600
22702
31655
2563
20922
44805
13689
11868
48934
35324
20385
36743
11119
4058
23442
53998
60059
31915
22220
47574
64259
63689
42049
24578
21366
46942
31258
60306
5382
50267
36187
31982
7433
2306
34545
28355
47111
48234
40224
30509
18023
60609
1717
29142
64667
25159
17605
59190
57074
39825
41228
55797
37978
17741
14839
59345
64683
46097
54115
4529
30828
24766
36511
38261
27072
5521
1081
8647
53755
41305
39157
6242
36378
40874
35385
35509
497
52990
29163
57571
27279
4855
47833
65258
22596
62672
59067
21743
43234
47646
26273
8526
6876
62784
46788
33948
2769
47869
42595
56525
23638
16216
62767
60016
57090
32616
29989
57587
20070
59152
49623
47350
64007
31920
47072
21067
29056
40603
42810
6754
22713
3547
15281
29589
796
62069
63537
3565
44402
40596
60090
2504
56813
57322
62520
48367
24402
26973
40419
44473
20589
24506
26287
19060
56426
7823
40127
19946
48426
17401
26701
5603
20949
41982
35192
21745
38515
33193
25310
17381
8253
19865
19885
65066
11651
16869
47898
36053
43842
22781
14990
64431
47287
41277
17955
38177
49100
58082
58123
31990
9947
19288
37593
30896
61270
7249
52641
34249
40442
12416
51630
48696
32281
5979
48226
43932
22848
30588
14449
1154
53369
29440
49
35120
5181
18004
7761
54282
10550
349
20736
20498
19637
58330
51394
15372
43
38500
49621
40486
50916
35716
23646
17661
41695
6336
61593
64544
36925
10506
162
24758
39946
212
59879
45128
18216
2104
33874
28767
2453
54610
49265
22091
47404
35123
37463
47448
8087
21548
22398
59003
57264
46044
11128
33424
52380
7185
32432
23769
17692
32594
48528
57638
32806
42871
37230
51023
44975
5568
14254
47429
60179
63519
3984
42047
33106
41447
23959
41194
62995
46357
34661
54724
26865
45790
22612
13710
52975
55044
37479
5131
22102
20471
62770
54909
63342
34464
40396
42782
40033
54650
24675
34676
52633
28659
11187
20203
4570
35147
61397
2029
15968
30523
56753
42834
10777
13829
56544
63752
3337
28487
3348
25440
48959
582
14813
46765
35046
55209
24011
9543
44323
48686
44219
31420
11809
55407
51623
16379
25018
47485
18409
40986
12472
9626
18284
23249
23456
9292
21465
26793
37780
24813
52233
21203
25395
1510
2432
60442
56719
26444
4449
35506
9594
48669
1390
21404
38540
53014
37783
63558
34963
56192
39008
47435
283
57293
5148
23739
1049
26613
50532
38829
51427
37230
60032
11286
38740
62465
6192
29924
23373
10642
65430
32967
59311
1285
54371
32315
54299
26619
30337
23726
17275
3809
5625
17558
61102
10773
41297
62152
37386
26294
35445
23277
63524
29942
34564
36728
26871
40756
1116
50244
51398
1011
17675
45173
2296
6511
11952
56595
33130
42289
14785
50405
46099
20410
2428
41665
31183
43725
38281
3033
4483
8191
26311
2471
38133
60875
39200
65004
36095
40316
49712
21958
41327
1851
1595
43623
8362
13548
34682
41492
55837
49467
26362
36400
4341
28790
12530
35524
6979
50811
38558
11463
59002
64869
13934
31599
60208
53134
31067
30767
27915
15243
52725
3706
17095
54321
47330
25457
2333
16476
1414
58170
408
27776
29035
4749
56566
41565
40274
63545
26840
13296
9472
20307
12629
23407
51906
7301
11005
17438
38068
38920
32681
25258
42627
49776
14043
24421
9698
16376
40897
11112
9010
41305
38888
38045
46055
29918
14074
20793
27927
40915
34089
37400
61222
46718
60807
47592
54019
6276
65030
26551
45197
32176
51809
22288
16416
316
46709
26114
16692
22070
37226
25703
63376
10578
63748
